2379
565
735
1420
2147
205
966
2301
89
1142
36
678
1349
917
2113
1533
1168
273
69
1076
32
340
862
241
1150
890
858
2047
883
1445
799
1870
2323
14
506
2375
2047
2055
1162
2167
1540
2308
1625
1165
1439
781
1536
967
1775
1476
609
1326
2278
1250
2250
1586
6
2154
158
824
2181
2365
138
1459
55
101
2340
809
1233
2369
603
1761
2195
723
499
1056
839
2036
902
2335
864
1202
2005
1036
421
639
1588
2156
130
1671
429
16
457
1172
2280
2073
1120
1531
299
497
2066
139
2137
1305
955
728
399
2232
1035
910
2104
835
68
1513
2018
1026
2339
736
847
2129
2308
1299
203
358
1009
969
2374
2046
415
1659
1451
1428
324
172
201
763
939
426
1283
117
1052
950
1853
976
1952
1467
2101
263
70
1859
1834
220
2378
192
133
1656
2243
522
1021
1111
1841
2008
719
1069
1851
2092
1100
1593
371
490
2128
851
1402
2040
1640
1230
607
2008
2098
1335
847
1955
313
2322
1736
2191
665
161
956
49
1576
804
305
1619
196
877
2282
809
1395
739
552
475
867
17
1136
1840
2350
326
845
505
2001
297
91
1264
494
676
2178
639
156
1922
479
1965
577
681
1893
1616
1165
1918
1392
2134
942
941
173
1911
1653
2137
2298
90
758
1476
1425
1169
2249
1541
347
616
1927
140
224
647
2064
313
62
2198
1491
2319
309
1327
1256
1982
1202
2039
603
1549
989
27
1718
846
1963
481
175
768
629
1446
1797
1646
1541
1241
1148
859
1746
1767
2042
1318
602
407
2374
812
1798
1709
2322
432
2064
1291
1632
1476
1020
341
699
1296
384
514
331
660
1616
679
584
2307
1568
1392
1999
1707
1038
1774
2260
270
802
1937
870
1497
1031
43
1498
1722
604
1648
1676
1449
425
615
2079
1377
975
1224
1825
1869
377
1812
423
2209
2209
1061
2362
1074
1093
1160
1238
110
866
1452
1415
1253
1009
1518
1163
2028
174
1517
2093
2284
222
1330
110
2099
2061
2207
2305
1372
1099
776
2149
1692
1189
99
2022
2086
925
1965
1077
1579
686
1140
737
742
2141
1910
1146
778
1190
1504
2295
1830
577
285
513
511
2362
2352
2163
404
357
1293
1636
1525
57
1279
1726
1145
1886
1882
886
1377
1937
801
600
1104
643
848
364
1825
1290
2354
2228
1327
1941
1585
1616
1742
956
2342
590
1837
792
1117
261
1774
1975
1202
1279
1368
1186
52
394
643
1260
1080
556
332
1620
1310
2288
1639
1376
2212
821
542
279
1651
1559
1350
268
649
1732
407
1636
1616
1515
978
655
665
588
2218
442
1638
565
1653
1417
1568
531
1181
1847
1640
1303
202
449
1068
1366
2187
890
887
527
354
1565
934
1706
489
45
898
2019
802
1013
1329
1296
2272
904
1145
337
1968
951
1567
1038
20
346
110
1686
87
1188
1010
1932
1725
2043
319
765
1525
1837
91
508
1496
1603
1386
1224
2304
909
1334
731
393
129
101
1274
701
608
2277
605
58
1621
2358
1601
1357
473
1324
394
1707
1607
2038
464
1588
1140
45
741
1047
41
750
967
2245
71
1361
1664
1590
1723
430
2140
1059
1678
2304
551
1738
820
1399
1304
412
502
1752
1125
2002
795
1630
482
1890
732
866
468
655
836
1409
510
442
53
603
828
2259
1293
840
2167
1102
1453
757
1433
596
1612
1594
1793
2337
2000
1445
364
1641
467
366
1988
1727
799
1436
396
1878
2197
2343
1882
2329
406
1987
1289
237
1397
1335
1288
168
2092
1671
1947
617
90
1059
2268
2280
2306
1430
454
1297
1193
938
258
2015
1296
1497
204
1677
465
2069
294
107
445
1352
1558
1232
564
446
1994
765
1503
2205
1261
836
2190
994
944
390
443
1220
1815
2161
716
494
1904
1799
1193
2334
41
1386
1182
967
2369
1995
1999
1143
1274
1970
2308
1004
605
2335
984
1686
364
2325
95
90
1741
1700
1126
1225
1200
458
305
2158
853
891
1635
1524
1819
121
1057
437
478
1937
1605
932
30
203
1079
1444
2178
1020
1759
1845
2350
590
756
1453
742
97
1102
517
144
1779
279
679
1867
1462
940
155
412
19
434
1950
965
992
810
1640
844
1291
1183
2051
1355
554
2235
806
1397
1373
1724
450
1907
598
2362
2174
847
1902
522
2213
1015
695
1061
1950
2236
56
139
1501
75
1605
1939
2281
203
2232
1643
933
1872
299
1186
2119
1848
614
392
1888
1255
2170
687
2115
426
1080
1000
17
1695
1742
1549
749
1586
1711
1750
20
141
23
1236
1055
859
1419
1469
822
759
1260
893
1186
1075
561
815
841
2125
637
778
617
1484
2101
536
1629
2003
624
1593
1865
1881
1537
654
229
979
928
511
515
1673
1692
1077
2075
1465
119
1079
522
514
1688
616
1010
1188
619
587
2116
1300
1583
1188
217
2357
1865
536
1038
1396
1779
1887
2192
1175
1232
341
2085
1046
1140
906
1021
230
745
166
1202
1098
1110
105
435
1818
2126
2358
1311
310
5
2099
913
2230
1146
60
356
350
1717
271
2311
18
1479
369
711
711
838
1445
840
1425
550
69
729
784
1371
1433
847
727
1277
1393
1339
544
1472
1221
462
1915
450
46
2142
1239
756
578
244
1521
281
432
1258
1344
463
2329
2220
1922
708
1762
526
652
1060
1957
1489
2360
1444
160
1427
1029
89
1381
1204
967
1509
90
1176
1109
1921
2285
810
325
1506
1239
2010
1635
1096
1573
2093
378
1011
1283
1526
50
563
1385
290
1266
410
2161
865
1280
1249
